# i j k r0 (k=0 used to derive 1-2 exclusions only)
1 2 0.0 0.0
1 3 0.0 0.0
1 4 0.0 0.0
1 5 0.0 0.0
5 6 0.0 0.0
5 7 0.0 0.0
5 13 0.0 0.0
7 8 0.0 0.0
7 9 0.0 0.0
7 10 0.0 0.0
10 11 0.0 0.0
10 12 0.0 0.0
13 14 0.0 0.0
13 15 0.0 0.0
15 16 0.0 0.0
15 17 0.0 0.0
17 18 0.0 0.0
17 19 0.0 0.0
17 23 0.0 0.0
19 20 0.0 0.0
19 21 0.0 0.0
19 22 0.0 0.0
23 24 0.0 0.0
23 25 0.0 0.0
25 26 0.0 0.0
25 27 0.0 0.0
27 28 0.0 0.0
27 29 0.0 0.0
27 44 0.0 0.0
29 30 0.0 0.0
29 31 0.0 0.0
29 32 0.0 0.0
32 33 0.0 0.0
32 40 0.0 0.0
33 34 0.0 0.0
33 35 0.0 0.0
35 36 0.0 0.0
35 37 0.0 0.0
37 38 0.0 0.0
37 42 0.0 0.0
38 39 0.0 0.0
40 41 0.0 0.0
40 42 0.0 0.0
42 43 0.0 0.0
44 45 0.0 0.0
44 46 0.0 0.0
46 47 0.0 0.0
46 48 0.0 0.0
48 49 0.0 0.0
48 50 0.0 0.0
48 54 0.0 0.0
50 51 0.0 0.0
50 52 0.0 0.0
50 53 0.0 0.0
54 55 0.0 0.0
54 56 0.0 0.0
56 57 0.0 0.0
56 58 0.0 0.0
58 59 0.0 0.0
58 60 0.0 0.0
58 71 0.0 0.0
60 61 0.0 0.0
60 62 0.0 0.0
60 63 0.0 0.0
63 64 0.0 0.0
63 65 0.0 0.0
63 66 0.0 0.0
66 67 0.0 0.0
66 68 0.0 0.0
68 69 0.0 0.0
68 70 0.0 0.0
71 72 0.0 0.0
71 73 0.0 0.0
73 74 0.0 0.0
73 75 0.0 0.0
75 76 0.0 0.0
75 77 0.0 0.0
75 95 0.0 0.0
77 78 0.0 0.0
77 79 0.0 0.0
77 80 0.0 0.0
80 81 0.0 0.0
80 86 0.0 0.0
81 82 0.0 0.0
81 83 0.0 0.0
83 84 0.0 0.0
83 85 0.0 0.0
85 86 0.0 0.0
85 91 0.0 0.0
86 87 0.0 0.0
87 88 0.0 0.0
87 89 0.0 0.0
89 90 0.0 0.0
89 93 0.0 0.0
91 92 0.0 0.0
91 93 0.0 0.0
93 94 0.0 0.0
95 96 0.0 0.0
95 97 0.0 0.0
97 98 0.0 0.0
97 99 0.0 0.0
99 100 0.0 0.0
99 101 0.0 0.0
99 114 0.0 0.0
101 102 0.0 0.0
101 103 0.0 0.0
101 104 0.0 0.0
104 105 0.0 0.0
104 106 0.0 0.0
104 110 0.0 0.0
106 107 0.0 0.0
106 108 0.0 0.0
106 109 0.0 0.0
110 111 0.0 0.0
110 112 0.0 0.0
110 113 0.0 0.0
114 115 0.0 0.0
114 116 0.0 0.0
116 117 0.0 0.0
116 118 0.0 0.0
118 119 0.0 0.0
118 120 0.0 0.0
118 124 0.0 0.0
120 121 0.0 0.0
120 122 0.0 0.0
120 123 0.0 0.0
124 125 0.0 0.0
124 126 0.0 0.0
126 127 0.0 0.0
126 128 0.0 0.0
128 129 0.0 0.0
128 130 0.0 0.0
128 136 0.0 0.0
130 131 0.0 0.0
130 132 0.0 0.0
130 133 0.0 0.0
133 134 0.0 0.0
133 135 0.0 0.0
136 137 0.0 0.0
136 138 0.0 0.0
138 139 0.0 0.0
138 140 0.0 0.0
140 141 0.0 0.0
140 142 0.0 0.0
140 143 0.0 0.0
143 144 0.0 0.0
143 145 0.0 0.0
145 146 0.0 0.0
145 147 0.0 0.0
147 148 0.0 0.0
147 149 0.0 0.0
147 150 0.0 0.0
150 151 0.0 0.0
150 152 0.0 0.0
152 153 0.0 0.0
152 156 0.0 0.0
153 154 0.0 0.0
153 155 0.0 0.0
153 161 0.0 0.0
156 157 0.0 0.0
156 158 0.0 0.0
156 164 0.0 0.0
158 159 0.0 0.0
158 160 0.0 0.0
158 161 0.0 0.0
161 162 0.0 0.0
161 163 0.0 0.0
164 165 0.0 0.0
164 166 0.0 0.0
166 167 0.0 0.0
166 168 0.0 0.0
168 169 0.0 0.0
168 170 0.0 0.0
168 175 0.0 0.0
170 171 0.0 0.0
170 172 0.0 0.0
170 173 0.0 0.0
173 174 0.0 0.0
175 176 0.0 0.0
175 177 0.0 0.0
177 178 0.0 0.0
177 179 0.0 0.0
179 180 0.0 0.0
179 181 0.0 0.0
179 186 0.0 0.0
181 182 0.0 0.0
181 183 0.0 0.0
181 184 0.0 0.0
184 185 0.0 0.0
186 187 0.0 0.0
186 188 0.0 0.0
188 189 0.0 0.0
188 190 0.0 0.0
190 191 0.0 0.0
190 192 0.0 0.0
190 193 0.0 0.0
193 194 0.0 0.0
193 195 0.0 0.0
195 196 0.0 0.0
195 197 0.0 0.0
197 198 0.0 0.0
197 199 0.0 0.0
197 217 0.0 0.0
199 200 0.0 0.0
199 201 0.0 0.0
199 202 0.0 0.0
202 203 0.0 0.0
202 204 0.0 0.0
202 205 0.0 0.0
205 206 0.0 0.0
205 207 0.0 0.0
205 208 0.0 0.0
208 209 0.0 0.0
208 210 0.0 0.0
210 211 0.0 0.0
210 214 0.0 0.0
211 212 0.0 0.0
211 213 0.0 0.0
214 215 0.0 0.0
214 216 0.0 0.0
217 218 0.0 0.0
217 219 0.0 0.0
219 220 0.0 0.0
219 223 0.0 0.0
220 221 0.0 0.0
220 222 0.0 0.0
220 228 0.0 0.0
223 224 0.0 0.0
223 225 0.0 0.0
223 231 0.0 0.0
225 226 0.0 0.0
225 227 0.0 0.0
225 228 0.0 0.0
228 229 0.0 0.0
228 230 0.0 0.0
231 232 0.0 0.0
231 233 0.0 0.0
233 234 0.0 0.0
233 237 0.0 0.0
234 235 0.0 0.0
234 236 0.0 0.0
234 242 0.0 0.0
237 238 0.0 0.0
237 239 0.0 0.0
237 245 0.0 0.0
239 240 0.0 0.0
239 241 0.0 0.0
239 242 0.0 0.0
242 243 0.0 0.0
242 244 0.0 0.0
245 246 0.0 0.0
245 247 0.0 0.0
247 248 0.0 0.0
247 251 0.0 0.0
248 249 0.0 0.0
248 250 0.0 0.0
248 256 0.0 0.0
251 252 0.0 0.0
251 253 0.0 0.0
251 259 0.0 0.0
253 254 0.0 0.0
253 255 0.0 0.0
253 256 0.0 0.0
256 257 0.0 0.0
256 258 0.0 0.0
259 260 0.0 0.0
259 261 0.0 0.0
261 262 0.0 0.0
261 263 0.0 0.0
263 264 0.0 0.0
263 265 0.0 0.0
263 270 0.0 0.0
265 266 0.0 0.0
265 267 0.0 0.0
265 268 0.0 0.0
268 269 0.0 0.0
270 271 0.0 0.0
270 272 0.0 0.0
