# i j k l k n phi0deg (k=0 used to derive 1-4 scaling only)
1 5 7 8 0.0 1 180.0
1 5 7 9 0.0 1 180.0
1 5 7 10 0.0 1 180.0
1 5 13 14 0.0 1 180.0
1 5 13 15 0.0 1 180.0
2 1 5 6 0.0 1 180.0
2 1 5 7 0.0 1 180.0
2 1 5 13 0.0 1 180.0
3 1 5 6 0.0 1 180.0
3 1 5 7 0.0 1 180.0
3 1 5 13 0.0 1 180.0
4 1 5 6 0.0 1 180.0
4 1 5 7 0.0 1 180.0
4 1 5 13 0.0 1 180.0
5 7 10 11 0.0 1 180.0
5 7 10 12 0.0 1 180.0
5 13 15 16 0.0 1 180.0
5 13 15 17 0.0 1 180.0
6 5 7 8 0.0 1 180.0
6 5 7 9 0.0 1 180.0
6 5 7 10 0.0 1 180.0
6 5 13 14 0.0 1 180.0
6 5 13 15 0.0 1 180.0
7 5 13 14 0.0 1 180.0
7 5 13 15 0.0 1 180.0
8 7 5 13 0.0 1 180.0
8 7 10 11 0.0 1 180.0
8 7 10 12 0.0 1 180.0
9 7 5 13 0.0 1 180.0
9 7 10 11 0.0 1 180.0
9 7 10 12 0.0 1 180.0
10 7 5 13 0.0 1 180.0
13 15 17 18 0.0 1 180.0
13 15 17 19 0.0 1 180.0
13 15 17 23 0.0 1 180.0
14 13 15 16 0.0 1 180.0
14 13 15 17 0.0 1 180.0
15 17 19 20 0.0 1 180.0
15 17 19 21 0.0 1 180.0
15 17 19 22 0.0 1 180.0
15 17 23 24 0.0 1 180.0
15 17 23 25 0.0 1 180.0
16 15 17 18 0.0 1 180.0
16 15 17 19 0.0 1 180.0
16 15 17 23 0.0 1 180.0
17 23 25 26 0.0 1 180.0
17 23 25 27 0.0 1 180.0
18 17 19 20 0.0 1 180.0
18 17 19 21 0.0 1 180.0
18 17 19 22 0.0 1 180.0
18 17 23 24 0.0 1 180.0
18 17 23 25 0.0 1 180.0
19 17 23 24 0.0 1 180.0
19 17 23 25 0.0 1 180.0
20 19 17 23 0.0 1 180.0
21 19 17 23 0.0 1 180.0
22 19 17 23 0.0 1 180.0
23 25 27 28 0.0 1 180.0
23 25 27 29 0.0 1 180.0
23 25 27 44 0.0 1 180.0
24 23 25 26 0.0 1 180.0
24 23 25 27 0.0 1 180.0
25 27 29 30 0.0 1 180.0
25 27 29 31 0.0 1 180.0
25 27 29 32 0.0 1 180.0
25 27 44 45 0.0 1 180.0
25 27 44 46 0.0 1 180.0
26 25 27 28 0.0 1 180.0
26 25 27 29 0.0 1 180.0
26 25 27 44 0.0 1 180.0
27 29 32 33 0.0 1 180.0
27 29 32 40 0.0 1 180.0
27 44 46 47 0.0 1 180.0
27 44 46 48 0.0 1 180.0
28 27 29 30 0.0 1 180.0
28 27 29 31 0.0 1 180.0
28 27 29 32 0.0 1 180.0
28 27 44 45 0.0 1 180.0
28 27 44 46 0.0 1 180.0
29 27 44 45 0.0 1 180.0
29 27 44 46 0.0 1 180.0
29 32 33 34 0.0 1 180.0
29 32 33 35 0.0 1 180.0
29 32 40 41 0.0 1 180.0
29 32 40 42 0.0 1 180.0
30 29 27 44 0.0 1 180.0
30 29 32 33 0.0 1 180.0
30 29 32 40 0.0 1 180.0
31 29 27 44 0.0 1 180.0
31 29 32 33 0.0 1 180.0
31 29 32 40 0.0 1 180.0
32 29 27 44 0.0 1 180.0
32 33 35 36 0.0 1 180.0
32 33 35 37 0.0 1 180.0
32 40 42 37 0.0 1 180.0
32 40 42 43 0.0 1 180.0
33 32 40 41 0.0 1 180.0
33 32 40 42 0.0 1 180.0
33 35 37 38 0.0 1 180.0
33 35 37 42 0.0 1 180.0
34 33 32 40 0.0 1 180.0
34 33 35 36 0.0 1 180.0
34 33 35 37 0.0 1 180.0
35 33 32 40 0.0 1 180.0
35 37 38 39 0.0 1 180.0
35 37 42 40 0.0 1 180.0
35 37 42 43 0.0 1 180.0
36 35 37 38 0.0 1 180.0
36 35 37 42 0.0 1 180.0
37 42 40 41 0.0 1 180.0
38 37 42 40 0.0 1 180.0
38 37 42 43 0.0 1 180.0
39 38 37 42 0.0 1 180.0
41 40 42 43 0.0 1 180.0
44 46 48 49 0.0 1 180.0
44 46 48 50 0.0 1 180.0
44 46 48 54 0.0 1 180.0
45 44 46 47 0.0 1 180.0
45 44 46 48 0.0 1 180.0
46 48 50 51 0.0 1 180.0
46 48 50 52 0.0 1 180.0
46 48 50 53 0.0 1 180.0
46 48 54 55 0.0 1 180.0
46 48 54 56 0.0 1 180.0
47 46 48 49 0.0 1 180.0
47 46 48 50 0.0 1 180.0
47 46 48 54 0.0 1 180.0
48 54 56 57 0.0 1 180.0
48 54 56 58 0.0 1 180.0
49 48 50 51 0.0 1 180.0
49 48 50 52 0.0 1 180.0
49 48 50 53 0.0 1 180.0
49 48 54 55 0.0 1 180.0
49 48 54 56 0.0 1 180.0
50 48 54 55 0.0 1 180.0
50 48 54 56 0.0 1 180.0
51 50 48 54 0.0 1 180.0
52 50 48 54 0.0 1 180.0
53 50 48 54 0.0 1 180.0
54 56 58 59 0.0 1 180.0
54 56 58 60 0.0 1 180.0
54 56 58 71 0.0 1 180.0
55 54 56 57 0.0 1 180.0
55 54 56 58 0.0 1 180.0
56 58 60 61 0.0 1 180.0
56 58 60 62 0.0 1 180.0
56 58 60 63 0.0 1 180.0
56 58 71 72 0.0 1 180.0
56 58 71 73 0.0 1 180.0
57 56 58 59 0.0 1 180.0
57 56 58 60 0.0 1 180.0
57 56 58 71 0.0 1 180.0
58 60 63 64 0.0 1 180.0
58 60 63 65 0.0 1 180.0
58 60 63 66 0.0 1 180.0
58 71 73 74 0.0 1 180.0
58 71 73 75 0.0 1 180.0
59 58 60 61 0.0 1 180.0
59 58 60 62 0.0 1 180.0
59 58 60 63 0.0 1 180.0
59 58 71 72 0.0 1 180.0
59 58 71 73 0.0 1 180.0
60 58 71 72 0.0 1 180.0
60 58 71 73 0.0 1 180.0
60 63 66 67 0.0 1 180.0
60 63 66 68 0.0 1 180.0
61 60 58 71 0.0 1 180.0
61 60 63 64 0.0 1 180.0
61 60 63 65 0.0 1 180.0
61 60 63 66 0.0 1 180.0
62 60 58 71 0.0 1 180.0
62 60 63 64 0.0 1 180.0
62 60 63 65 0.0 1 180.0
62 60 63 66 0.0 1 180.0
63 60 58 71 0.0 1 180.0
63 66 68 69 0.0 1 180.0
63 66 68 70 0.0 1 180.0
64 63 66 67 0.0 1 180.0
64 63 66 68 0.0 1 180.0
65 63 66 67 0.0 1 180.0
65 63 66 68 0.0 1 180.0
67 66 68 69 0.0 1 180.0
67 66 68 70 0.0 1 180.0
71 73 75 76 0.0 1 180.0
71 73 75 77 0.0 1 180.0
71 73 75 95 0.0 1 180.0
72 71 73 74 0.0 1 180.0
72 71 73 75 0.0 1 180.0
73 75 77 78 0.0 1 180.0
73 75 77 79 0.0 1 180.0
73 75 77 80 0.0 1 180.0
73 75 95 96 0.0 1 180.0
73 75 95 97 0.0 1 180.0
74 73 75 76 0.0 1 180.0
74 73 75 77 0.0 1 180.0
74 73 75 95 0.0 1 180.0
75 77 80 81 0.0 1 180.0
75 77 80 86 0.0 1 180.0
75 95 97 98 0.0 1 180.0
75 95 97 99 0.0 1 180.0
76 75 77 78 0.0 1 180.0
76 75 77 79 0.0 1 180.0
76 75 77 80 0.0 1 180.0
76 75 95 96 0.0 1 180.0
76 75 95 97 0.0 1 180.0
77 75 95 96 0.0 1 180.0
77 75 95 97 0.0 1 180.0
77 80 81 82 0.0 1 180.0
77 80 81 83 0.0 1 180.0
77 80 86 85 0.0 1 180.0
77 80 86 87 0.0 1 180.0
78 77 75 95 0.0 1 180.0
78 77 80 81 0.0 1 180.0
78 77 80 86 0.0 1 180.0
79 77 75 95 0.0 1 180.0
79 77 80 81 0.0 1 180.0
79 77 80 86 0.0 1 180.0
80 77 75 95 0.0 1 180.0
80 81 83 84 0.0 1 180.0
80 81 83 85 0.0 1 180.0
80 86 85 83 0.0 1 180.0
80 86 85 91 0.0 1 180.0
80 86 87 88 0.0 1 180.0
80 86 87 89 0.0 1 180.0
81 80 86 85 0.0 1 180.0
81 80 86 87 0.0 1 180.0
81 83 85 86 0.0 1 180.0
81 83 85 91 0.0 1 180.0
82 81 80 86 0.0 1 180.0
82 81 83 84 0.0 1 180.0
82 81 83 85 0.0 1 180.0
83 81 80 86 0.0 1 180.0
83 85 86 87 0.0 1 180.0
83 85 91 92 0.0 1 180.0
83 85 91 93 0.0 1 180.0
84 83 85 86 0.0 1 180.0
84 83 85 91 0.0 1 180.0
85 86 87 88 0.0 1 180.0
85 86 87 89 0.0 1 180.0
85 91 93 89 0.0 1 180.0
85 91 93 94 0.0 1 180.0
86 85 91 92 0.0 1 180.0
86 85 91 93 0.0 1 180.0
86 87 89 90 0.0 1 180.0
86 87 89 93 0.0 1 180.0
87 86 85 91 0.0 1 180.0
87 89 93 91 0.0 1 180.0
87 89 93 94 0.0 1 180.0
88 87 89 90 0.0 1 180.0
88 87 89 93 0.0 1 180.0
89 93 91 92 0.0 1 180.0
90 89 93 91 0.0 1 180.0
90 89 93 94 0.0 1 180.0
92 91 93 94 0.0 1 180.0
95 97 99 100 0.0 1 180.0
95 97 99 101 0.0 1 180.0
95 97 99 114 0.0 1 180.0
96 95 97 98 0.0 1 180.0
96 95 97 99 0.0 1 180.0
97 99 101 102 0.0 1 180.0
97 99 101 103 0.0 1 180.0
97 99 101 104 0.0 1 180.0
97 99 114 115 0.0 1 180.0
97 99 114 116 0.0 1 180.0
98 97 99 100 0.0 1 180.0
98 97 99 101 0.0 1 180.0
98 97 99 114 0.0 1 180.0
99 101 104 105 0.0 1 180.0
99 101 104 106 0.0 1 180.0
99 101 104 110 0.0 1 180.0
99 114 116 117 0.0 1 180.0
99 114 116 118 0.0 1 180.0
100 99 101 102 0.0 1 180.0
100 99 101 103 0.0 1 180.0
100 99 101 104 0.0 1 180.0
100 99 114 115 0.0 1 180.0
100 99 114 116 0.0 1 180.0
101 99 114 115 0.0 1 180.0
101 99 114 116 0.0 1 180.0
101 104 106 107 0.0 1 180.0
101 104 106 108 0.0 1 180.0
101 104 106 109 0.0 1 180.0
101 104 110 111 0.0 1 180.0
101 104 110 112 0.0 1 180.0
101 104 110 113 0.0 1 180.0
102 101 99 114 0.0 1 180.0
102 101 104 105 0.0 1 180.0
102 101 104 106 0.0 1 180.0
102 101 104 110 0.0 1 180.0
103 101 99 114 0.0 1 180.0
103 101 104 105 0.0 1 180.0
103 101 104 106 0.0 1 180.0
103 101 104 110 0.0 1 180.0
104 101 99 114 0.0 1 180.0
105 104 106 107 0.0 1 180.0
105 104 106 108 0.0 1 180.0
105 104 106 109 0.0 1 180.0
105 104 110 111 0.0 1 180.0
105 104 110 112 0.0 1 180.0
105 104 110 113 0.0 1 180.0
106 104 110 111 0.0 1 180.0
106 104 110 112 0.0 1 180.0
106 104 110 113 0.0 1 180.0
107 106 104 110 0.0 1 180.0
108 106 104 110 0.0 1 180.0
109 106 104 110 0.0 1 180.0
114 116 118 119 0.0 1 180.0
114 116 118 120 0.0 1 180.0
114 116 118 124 0.0 1 180.0
115 114 116 117 0.0 1 180.0
115 114 116 118 0.0 1 180.0
116 118 120 121 0.0 1 180.0
116 118 120 122 0.0 1 180.0
116 118 120 123 0.0 1 180.0
116 118 124 125 0.0 1 180.0
116 118 124 126 0.0 1 180.0
117 116 118 119 0.0 1 180.0
117 116 118 120 0.0 1 180.0
117 116 118 124 0.0 1 180.0
118 124 126 127 0.0 1 180.0
118 124 126 128 0.0 1 180.0
119 118 120 121 0.0 1 180.0
119 118 120 122 0.0 1 180.0
119 118 120 123 0.0 1 180.0
119 118 124 125 0.0 1 180.0
119 118 124 126 0.0 1 180.0
120 118 124 125 0.0 1 180.0
120 118 124 126 0.0 1 180.0
121 120 118 124 0.0 1 180.0
122 120 118 124 0.0 1 180.0
123 120 118 124 0.0 1 180.0
124 126 128 129 0.0 1 180.0
124 126 128 130 0.0 1 180.0
124 126 128 136 0.0 1 180.0
125 124 126 127 0.0 1 180.0
125 124 126 128 0.0 1 180.0
126 128 130 131 0.0 1 180.0
126 128 130 132 0.0 1 180.0
126 128 130 133 0.0 1 180.0
126 128 136 137 0.0 1 180.0
126 128 136 138 0.0 1 180.0
127 126 128 129 0.0 1 180.0
127 126 128 130 0.0 1 180.0
127 126 128 136 0.0 1 180.0
128 130 133 134 0.0 1 180.0
128 130 133 135 0.0 1 180.0
128 136 138 139 0.0 1 180.0
128 136 138 140 0.0 1 180.0
129 128 130 131 0.0 1 180.0
129 128 130 132 0.0 1 180.0
129 128 130 133 0.0 1 180.0
129 128 136 137 0.0 1 180.0
129 128 136 138 0.0 1 180.0
130 128 136 137 0.0 1 180.0
130 128 136 138 0.0 1 180.0
131 130 128 136 0.0 1 180.0
131 130 133 134 0.0 1 180.0
131 130 133 135 0.0 1 180.0
132 130 128 136 0.0 1 180.0
132 130 133 134 0.0 1 180.0
132 130 133 135 0.0 1 180.0
133 130 128 136 0.0 1 180.0
136 138 140 141 0.0 1 180.0
136 138 140 142 0.0 1 180.0
136 138 140 143 0.0 1 180.0
137 136 138 139 0.0 1 180.0
137 136 138 140 0.0 1 180.0
138 140 143 144 0.0 1 180.0
138 140 143 145 0.0 1 180.0
139 138 140 141 0.0 1 180.0
139 138 140 142 0.0 1 180.0
139 138 140 143 0.0 1 180.0
140 143 145 146 0.0 1 180.0
140 143 145 147 0.0 1 180.0
141 140 143 144 0.0 1 180.0
141 140 143 145 0.0 1 180.0
142 140 143 144 0.0 1 180.0
142 140 143 145 0.0 1 180.0
143 145 147 148 0.0 1 180.0
143 145 147 149 0.0 1 180.0
143 145 147 150 0.0 1 180.0
144 143 145 146 0.0 1 180.0
144 143 145 147 0.0 1 180.0
145 147 150 151 0.0 1 180.0
145 147 150 152 0.0 1 180.0
146 145 147 148 0.0 1 180.0
146 145 147 149 0.0 1 180.0
146 145 147 150 0.0 1 180.0
147 150 152 153 0.0 1 180.0
147 150 152 156 0.0 1 180.0
148 147 150 151 0.0 1 180.0
148 147 150 152 0.0 1 180.0
149 147 150 151 0.0 1 180.0
149 147 150 152 0.0 1 180.0
150 152 153 154 0.0 1 180.0
150 152 153 155 0.0 1 180.0
150 152 153 161 0.0 1 180.0
150 152 156 157 0.0 1 180.0
150 152 156 158 0.0 1 180.0
150 152 156 164 0.0 1 180.0
151 150 152 153 0.0 1 180.0
151 150 152 156 0.0 1 180.0
152 153 161 158 0.0 1 180.0
152 153 161 162 0.0 1 180.0
152 153 161 163 0.0 1 180.0
152 156 158 159 0.0 1 180.0
152 156 158 160 0.0 1 180.0
152 156 158 161 0.0 1 180.0
152 156 164 165 0.0 1 180.0
152 156 164 166 0.0 1 180.0
153 152 156 157 0.0 1 180.0
153 152 156 158 0.0 1 180.0
153 152 156 164 0.0 1 180.0
153 161 158 156 0.0 1 180.0
153 161 158 159 0.0 1 180.0
153 161 158 160 0.0 1 180.0
154 153 152 156 0.0 1 180.0
154 153 161 158 0.0 1 180.0
154 153 161 162 0.0 1 180.0
154 153 161 163 0.0 1 180.0
155 153 152 156 0.0 1 180.0
155 153 161 158 0.0 1 180.0
155 153 161 162 0.0 1 180.0
155 153 161 163 0.0 1 180.0
156 152 153 161 0.0 1 180.0
156 158 161 162 0.0 1 180.0
156 158 161 163 0.0 1 180.0
156 164 166 167 0.0 1 180.0
156 164 166 168 0.0 1 180.0
157 156 158 159 0.0 1 180.0
157 156 158 160 0.0 1 180.0
157 156 158 161 0.0 1 180.0
157 156 164 165 0.0 1 180.0
157 156 164 166 0.0 1 180.0
158 156 164 165 0.0 1 180.0
158 156 164 166 0.0 1 180.0
159 158 156 164 0.0 1 180.0
159 158 161 162 0.0 1 180.0
159 158 161 163 0.0 1 180.0
160 158 156 164 0.0 1 180.0
160 158 161 162 0.0 1 180.0
160 158 161 163 0.0 1 180.0
161 158 156 164 0.0 1 180.0
164 166 168 169 0.0 1 180.0
164 166 168 170 0.0 1 180.0
164 166 168 175 0.0 1 180.0
165 164 166 167 0.0 1 180.0
165 164 166 168 0.0 1 180.0
166 168 170 171 0.0 1 180.0
166 168 170 172 0.0 1 180.0
166 168 170 173 0.0 1 180.0
166 168 175 176 0.0 1 180.0
166 168 175 177 0.0 1 180.0
167 166 168 169 0.0 1 180.0
167 166 168 170 0.0 1 180.0
167 166 168 175 0.0 1 180.0
168 170 173 174 0.0 1 180.0
168 175 177 178 0.0 1 180.0
168 175 177 179 0.0 1 180.0
169 168 170 171 0.0 1 180.0
169 168 170 172 0.0 1 180.0
169 168 170 173 0.0 1 180.0
169 168 175 176 0.0 1 180.0
169 168 175 177 0.0 1 180.0
170 168 175 176 0.0 1 180.0
170 168 175 177 0.0 1 180.0
171 170 168 175 0.0 1 180.0
171 170 173 174 0.0 1 180.0
172 170 168 175 0.0 1 180.0
172 170 173 174 0.0 1 180.0
173 170 168 175 0.0 1 180.0
175 177 179 180 0.0 1 180.0
175 177 179 181 0.0 1 180.0
175 177 179 186 0.0 1 180.0
176 175 177 178 0.0 1 180.0
176 175 177 179 0.0 1 180.0
177 179 181 182 0.0 1 180.0
177 179 181 183 0.0 1 180.0
177 179 181 184 0.0 1 180.0
177 179 186 187 0.0 1 180.0
177 179 186 188 0.0 1 180.0
178 177 179 180 0.0 1 180.0
178 177 179 181 0.0 1 180.0
178 177 179 186 0.0 1 180.0
179 181 184 185 0.0 1 180.0
179 186 188 189 0.0 1 180.0
179 186 188 190 0.0 1 180.0
180 179 181 182 0.0 1 180.0
180 179 181 183 0.0 1 180.0
180 179 181 184 0.0 1 180.0
180 179 186 187 0.0 1 180.0
180 179 186 188 0.0 1 180.0
181 179 186 187 0.0 1 180.0
181 179 186 188 0.0 1 180.0
182 181 179 186 0.0 1 180.0
182 181 184 185 0.0 1 180.0
183 181 179 186 0.0 1 180.0
183 181 184 185 0.0 1 180.0
184 181 179 186 0.0 1 180.0
186 188 190 191 0.0 1 180.0
186 188 190 192 0.0 1 180.0
186 188 190 193 0.0 1 180.0
187 186 188 189 0.0 1 180.0
187 186 188 190 0.0 1 180.0
188 190 193 194 0.0 1 180.0
188 190 193 195 0.0 1 180.0
189 188 190 191 0.0 1 180.0
189 188 190 192 0.0 1 180.0
189 188 190 193 0.0 1 180.0
190 193 195 196 0.0 1 180.0
190 193 195 197 0.0 1 180.0
191 190 193 194 0.0 1 180.0
191 190 193 195 0.0 1 180.0
192 190 193 194 0.0 1 180.0
192 190 193 195 0.0 1 180.0
193 195 197 198 0.0 1 180.0
193 195 197 199 0.0 1 180.0
193 195 197 217 0.0 1 180.0
194 193 195 196 0.0 1 180.0
194 193 195 197 0.0 1 180.0
195 197 199 200 0.0 1 180.0
195 197 199 201 0.0 1 180.0
195 197 199 202 0.0 1 180.0
195 197 217 218 0.0 1 180.0
195 197 217 219 0.0 1 180.0
196 195 197 198 0.0 1 180.0
196 195 197 199 0.0 1 180.0
196 195 197 217 0.0 1 180.0
197 199 202 203 0.0 1 180.0
197 199 202 204 0.0 1 180.0
197 199 202 205 0.0 1 180.0
197 217 219 220 0.0 1 180.0
197 217 219 223 0.0 1 180.0
198 197 199 200 0.0 1 180.0
198 197 199 201 0.0 1 180.0
198 197 199 202 0.0 1 180.0
198 197 217 218 0.0 1 180.0
198 197 217 219 0.0 1 180.0
199 197 217 218 0.0 1 180.0
199 197 217 219 0.0 1 180.0
199 202 205 206 0.0 1 180.0
199 202 205 207 0.0 1 180.0
199 202 205 208 0.0 1 180.0
200 199 197 217 0.0 1 180.0
200 199 202 203 0.0 1 180.0
200 199 202 204 0.0 1 180.0
200 199 202 205 0.0 1 180.0
201 199 197 217 0.0 1 180.0
201 199 202 203 0.0 1 180.0
201 199 202 204 0.0 1 180.0
201 199 202 205 0.0 1 180.0
202 199 197 217 0.0 1 180.0
202 205 208 209 0.0 1 180.0
202 205 208 210 0.0 1 180.0
203 202 205 206 0.0 1 180.0
203 202 205 207 0.0 1 180.0
203 202 205 208 0.0 1 180.0
204 202 205 206 0.0 1 180.0
204 202 205 207 0.0 1 180.0
204 202 205 208 0.0 1 180.0
205 208 210 211 0.0 1 180.0
205 208 210 214 0.0 1 180.0
206 205 208 209 0.0 1 180.0
206 205 208 210 0.0 1 180.0
207 205 208 209 0.0 1 180.0
207 205 208 210 0.0 1 180.0
208 210 211 212 0.0 1 180.0
208 210 211 213 0.0 1 180.0
208 210 214 215 0.0 1 180.0
208 210 214 216 0.0 1 180.0
209 208 210 211 0.0 1 180.0
209 208 210 214 0.0 1 180.0
211 210 214 215 0.0 1 180.0
211 210 214 216 0.0 1 180.0
212 211 210 214 0.0 1 180.0
213 211 210 214 0.0 1 180.0
217 219 220 221 0.0 1 180.0
217 219 220 222 0.0 1 180.0
217 219 220 228 0.0 1 180.0
217 219 223 224 0.0 1 180.0
217 219 223 225 0.0 1 180.0
217 219 223 231 0.0 1 180.0
218 217 219 220 0.0 1 180.0
218 217 219 223 0.0 1 180.0
219 220 228 225 0.0 1 180.0
219 220 228 229 0.0 1 180.0
219 220 228 230 0.0 1 180.0
219 223 225 226 0.0 1 180.0
219 223 225 227 0.0 1 180.0
219 223 225 228 0.0 1 180.0
219 223 231 232 0.0 1 180.0
219 223 231 233 0.0 1 180.0
220 219 223 224 0.0 1 180.0
220 219 223 225 0.0 1 180.0
220 219 223 231 0.0 1 180.0
220 228 225 223 0.0 1 180.0
220 228 225 226 0.0 1 180.0
220 228 225 227 0.0 1 180.0
221 220 219 223 0.0 1 180.0
221 220 228 225 0.0 1 180.0
221 220 228 229 0.0 1 180.0
221 220 228 230 0.0 1 180.0
222 220 219 223 0.0 1 180.0
222 220 228 225 0.0 1 180.0
222 220 228 229 0.0 1 180.0
222 220 228 230 0.0 1 180.0
223 219 220 228 0.0 1 180.0
223 225 228 229 0.0 1 180.0
223 225 228 230 0.0 1 180.0
223 231 233 234 0.0 1 180.0
223 231 233 237 0.0 1 180.0
224 223 225 226 0.0 1 180.0
224 223 225 227 0.0 1 180.0
224 223 225 228 0.0 1 180.0
224 223 231 232 0.0 1 180.0
224 223 231 233 0.0 1 180.0
225 223 231 232 0.0 1 180.0
225 223 231 233 0.0 1 180.0
226 225 223 231 0.0 1 180.0
226 225 228 229 0.0 1 180.0
226 225 228 230 0.0 1 180.0
227 225 223 231 0.0 1 180.0
227 225 228 229 0.0 1 180.0
227 225 228 230 0.0 1 180.0
228 225 223 231 0.0 1 180.0
231 233 234 235 0.0 1 180.0
231 233 234 236 0.0 1 180.0
231 233 234 242 0.0 1 180.0
231 233 237 238 0.0 1 180.0
231 233 237 239 0.0 1 180.0
231 233 237 245 0.0 1 180.0
232 231 233 234 0.0 1 180.0
232 231 233 237 0.0 1 180.0
233 234 242 239 0.0 1 180.0
233 234 242 243 0.0 1 180.0
233 234 242 244 0.0 1 180.0
233 237 239 240 0.0 1 180.0
233 237 239 241 0.0 1 180.0
233 237 239 242 0.0 1 180.0
233 237 245 246 0.0 1 180.0
233 237 245 247 0.0 1 180.0
234 233 237 238 0.0 1 180.0
234 233 237 239 0.0 1 180.0
234 233 237 245 0.0 1 180.0
234 242 239 237 0.0 1 180.0
234 242 239 240 0.0 1 180.0
234 242 239 241 0.0 1 180.0
235 234 233 237 0.0 1 180.0
235 234 242 239 0.0 1 180.0
235 234 242 243 0.0 1 180.0
235 234 242 244 0.0 1 180.0
236 234 233 237 0.0 1 180.0
236 234 242 239 0.0 1 180.0
236 234 242 243 0.0 1 180.0
236 234 242 244 0.0 1 180.0
237 233 234 242 0.0 1 180.0
237 239 242 243 0.0 1 180.0
237 239 242 244 0.0 1 180.0
237 245 247 248 0.0 1 180.0
237 245 247 251 0.0 1 180.0
238 237 239 240 0.0 1 180.0
238 237 239 241 0.0 1 180.0
238 237 239 242 0.0 1 180.0
238 237 245 246 0.0 1 180.0
238 237 245 247 0.0 1 180.0
239 237 245 246 0.0 1 180.0
239 237 245 247 0.0 1 180.0
240 239 237 245 0.0 1 180.0
240 239 242 243 0.0 1 180.0
240 239 242 244 0.0 1 180.0
241 239 237 245 0.0 1 180.0
241 239 242 243 0.0 1 180.0
241 239 242 244 0.0 1 180.0
242 239 237 245 0.0 1 180.0
245 247 248 249 0.0 1 180.0
245 247 248 250 0.0 1 180.0
245 247 248 256 0.0 1 180.0
245 247 251 252 0.0 1 180.0
245 247 251 253 0.0 1 180.0
245 247 251 259 0.0 1 180.0
246 245 247 248 0.0 1 180.0
246 245 247 251 0.0 1 180.0
247 248 256 253 0.0 1 180.0
247 248 256 257 0.0 1 180.0
247 248 256 258 0.0 1 180.0
247 251 253 254 0.0 1 180.0
247 251 253 255 0.0 1 180.0
247 251 253 256 0.0 1 180.0
247 251 259 260 0.0 1 180.0
247 251 259 261 0.0 1 180.0
248 247 251 252 0.0 1 180.0
248 247 251 253 0.0 1 180.0
248 247 251 259 0.0 1 180.0
248 256 253 251 0.0 1 180.0
248 256 253 254 0.0 1 180.0
248 256 253 255 0.0 1 180.0
249 248 247 251 0.0 1 180.0
249 248 256 253 0.0 1 180.0
249 248 256 257 0.0 1 180.0
249 248 256 258 0.0 1 180.0
250 248 247 251 0.0 1 180.0
250 248 256 253 0.0 1 180.0
250 248 256 257 0.0 1 180.0
250 248 256 258 0.0 1 180.0
251 247 248 256 0.0 1 180.0
251 253 256 257 0.0 1 180.0
251 253 256 258 0.0 1 180.0
251 259 261 262 0.0 1 180.0
251 259 261 263 0.0 1 180.0
252 251 253 254 0.0 1 180.0
252 251 253 255 0.0 1 180.0
252 251 253 256 0.0 1 180.0
252 251 259 260 0.0 1 180.0
252 251 259 261 0.0 1 180.0
253 251 259 260 0.0 1 180.0
253 251 259 261 0.0 1 180.0
254 253 251 259 0.0 1 180.0
254 253 256 257 0.0 1 180.0
254 253 256 258 0.0 1 180.0
255 253 251 259 0.0 1 180.0
255 253 256 257 0.0 1 180.0
255 253 256 258 0.0 1 180.0
256 253 251 259 0.0 1 180.0
259 261 263 264 0.0 1 180.0
259 261 263 265 0.0 1 180.0
259 261 263 270 0.0 1 180.0
260 259 261 262 0.0 1 180.0
260 259 261 263 0.0 1 180.0
261 263 265 266 0.0 1 180.0
261 263 265 267 0.0 1 180.0
261 263 265 268 0.0 1 180.0
261 263 270 271 0.0 1 180.0
261 263 270 272 0.0 1 180.0
262 261 263 264 0.0 1 180.0
262 261 263 265 0.0 1 180.0
262 261 263 270 0.0 1 180.0
263 265 268 269 0.0 1 180.0
264 263 265 266 0.0 1 180.0
264 263 265 267 0.0 1 180.0
264 263 265 268 0.0 1 180.0
264 263 270 271 0.0 1 180.0
264 263 270 272 0.0 1 180.0
265 263 270 271 0.0 1 180.0
265 263 270 272 0.0 1 180.0
266 265 263 270 0.0 1 180.0
266 265 268 269 0.0 1 180.0
267 265 263 270 0.0 1 180.0
267 265 268 269 0.0 1 180.0
268 265 263 270 0.0 1 180.0
