# i j k k theta0deg (k=0 used to derive 1-3 exclusions only)
1 5 6 0.0 180.0
1 5 7 0.0 180.0
1 5 22 0.0 180.0
2 1 3 0.0 180.0
2 1 4 0.0 180.0
2 1 5 0.0 180.0
3 1 4 0.0 180.0
3 1 5 0.0 180.0
4 1 5 0.0 180.0
5 7 8 0.0 180.0
5 7 9 0.0 180.0
5 7 10 0.0 180.0
5 22 23 0.0 180.0
5 22 24 0.0 180.0
6 5 7 0.0 180.0
6 5 22 0.0 180.0
7 5 22 0.0 180.0
7 10 11 0.0 180.0
7 10 18 0.0 180.0
8 7 9 0.0 180.0
8 7 10 0.0 180.0
9 7 10 0.0 180.0
10 11 12 0.0 180.0
10 11 13 0.0 180.0
10 18 19 0.0 180.0
10 18 20 0.0 180.0
11 10 18 0.0 180.0
11 13 14 0.0 180.0
11 13 15 0.0 180.0
12 11 13 0.0 180.0
13 15 16 0.0 180.0
13 15 20 0.0 180.0
14 13 15 0.0 180.0
15 16 17 0.0 180.0
15 20 18 0.0 180.0
15 20 21 0.0 180.0
16 15 20 0.0 180.0
18 20 21 0.0 180.0
19 18 20 0.0 180.0
22 24 25 0.0 180.0
22 24 26 0.0 180.0
23 22 24 0.0 180.0
24 26 27 0.0 180.0
24 26 28 0.0 180.0
24 26 43 0.0 180.0
25 24 26 0.0 180.0
26 28 29 0.0 180.0
26 28 30 0.0 180.0
26 28 31 0.0 180.0
26 43 44 0.0 180.0
26 43 45 0.0 180.0
27 26 28 0.0 180.0
27 26 43 0.0 180.0
28 26 43 0.0 180.0
28 31 32 0.0 180.0
28 31 39 0.0 180.0
29 28 30 0.0 180.0
29 28 31 0.0 180.0
30 28 31 0.0 180.0
31 32 33 0.0 180.0
31 32 34 0.0 180.0
31 39 40 0.0 180.0
31 39 41 0.0 180.0
32 31 39 0.0 180.0
32 34 35 0.0 180.0
32 34 36 0.0 180.0
33 32 34 0.0 180.0
34 36 37 0.0 180.0
34 36 41 0.0 180.0
35 34 36 0.0 180.0
36 37 38 0.0 180.0
36 41 39 0.0 180.0
36 41 42 0.0 180.0
37 36 41 0.0 180.0
39 41 42 0.0 180.0
40 39 41 0.0 180.0
43 45 46 0.0 180.0
43 45 47 0.0 180.0
44 43 45 0.0 180.0
45 47 48 0.0 180.0
45 47 49 0.0 180.0
45 47 55 0.0 180.0
46 45 47 0.0 180.0
47 49 50 0.0 180.0
47 49 51 0.0 180.0
47 49 52 0.0 180.0
47 55 56 0.0 180.0
47 55 57 0.0 180.0
48 47 49 0.0 180.0
48 47 55 0.0 180.0
49 47 55 0.0 180.0
49 52 53 0.0 180.0
49 52 54 0.0 180.0
50 49 51 0.0 180.0
50 49 52 0.0 180.0
51 49 52 0.0 180.0
53 52 54 0.0 180.0
55 57 58 0.0 180.0
55 57 61 0.0 180.0
56 55 57 0.0 180.0
57 58 59 0.0 180.0
57 58 60 0.0 180.0
57 58 66 0.0 180.0
57 61 62 0.0 180.0
57 61 63 0.0 180.0
57 61 69 0.0 180.0
58 57 61 0.0 180.0
58 66 63 0.0 180.0
58 66 67 0.0 180.0
58 66 68 0.0 180.0
59 58 60 0.0 180.0
59 58 66 0.0 180.0
60 58 66 0.0 180.0
61 63 64 0.0 180.0
61 63 65 0.0 180.0
61 63 66 0.0 180.0
61 69 70 0.0 180.0
61 69 71 0.0 180.0
62 61 63 0.0 180.0
62 61 69 0.0 180.0
63 61 69 0.0 180.0
63 66 67 0.0 180.0
63 66 68 0.0 180.0
64 63 65 0.0 180.0
64 63 66 0.0 180.0
65 63 66 0.0 180.0
67 66 68 0.0 180.0
69 71 72 0.0 180.0
69 71 73 0.0 180.0
70 69 71 0.0 180.0
71 73 74 0.0 180.0
71 73 75 0.0 180.0
71 73 84 0.0 180.0
72 71 73 0.0 180.0
73 75 76 0.0 180.0
73 75 77 0.0 180.0
73 75 78 0.0 180.0
73 84 85 0.0 180.0
73 84 86 0.0 180.0
74 73 75 0.0 180.0
74 73 84 0.0 180.0
75 73 84 0.0 180.0
75 78 79 0.0 180.0
75 78 80 0.0 180.0
75 78 81 0.0 180.0
76 75 77 0.0 180.0
76 75 78 0.0 180.0
77 75 78 0.0 180.0
78 81 82 0.0 180.0
78 81 83 0.0 180.0
79 78 80 0.0 180.0
79 78 81 0.0 180.0
80 78 81 0.0 180.0
82 81 83 0.0 180.0
84 86 87 0.0 180.0
84 86 88 0.0 180.0
85 84 86 0.0 180.0
86 88 89 0.0 180.0
86 88 90 0.0 180.0
86 88 98 0.0 180.0
87 86 88 0.0 180.0
88 90 91 0.0 180.0
88 90 92 0.0 180.0
88 90 94 0.0 180.0
88 98 99 0.0 180.0
88 98 100 0.0 180.0
89 88 90 0.0 180.0
89 88 98 0.0 180.0
90 88 98 0.0 180.0
90 92 93 0.0 180.0
90 94 95 0.0 180.0
90 94 96 0.0 180.0
90 94 97 0.0 180.0
91 90 92 0.0 180.0
91 90 94 0.0 180.0
92 90 94 0.0 180.0
95 94 96 0.0 180.0
95 94 97 0.0 180.0
96 94 97 0.0 180.0
98 100 101 0.0 180.0
98 100 102 0.0 180.0
99 98 100 0.0 180.0
100 102 103 0.0 180.0
100 102 104 0.0 180.0
100 102 105 0.0 180.0
101 100 102 0.0 180.0
102 105 106 0.0 180.0
102 105 107 0.0 180.0
103 102 104 0.0 180.0
103 102 105 0.0 180.0
104 102 105 0.0 180.0
105 107 108 0.0 180.0
105 107 109 0.0 180.0
106 105 107 0.0 180.0
107 109 110 0.0 180.0
107 109 111 0.0 180.0
107 109 119 0.0 180.0
108 107 109 0.0 180.0
109 111 112 0.0 180.0
109 111 113 0.0 180.0
109 111 115 0.0 180.0
109 119 120 0.0 180.0
109 119 121 0.0 180.0
110 109 111 0.0 180.0
110 109 119 0.0 180.0
111 109 119 0.0 180.0
111 113 114 0.0 180.0
111 115 116 0.0 180.0
111 115 117 0.0 180.0
111 115 118 0.0 180.0
112 111 113 0.0 180.0
112 111 115 0.0 180.0
113 111 115 0.0 180.0
116 115 117 0.0 180.0
116 115 118 0.0 180.0
117 115 118 0.0 180.0
119 121 122 0.0 180.0
119 121 123 0.0 180.0
120 119 121 0.0 180.0
121 123 124 0.0 180.0
121 123 125 0.0 180.0
121 123 143 0.0 180.0
122 121 123 0.0 180.0
123 125 126 0.0 180.0
123 125 127 0.0 180.0
123 125 128 0.0 180.0
123 143 144 0.0 180.0
123 143 145 0.0 180.0
124 123 125 0.0 180.0
124 123 143 0.0 180.0
125 123 143 0.0 180.0
125 128 129 0.0 180.0
125 128 134 0.0 180.0
126 125 127 0.0 180.0
126 125 128 0.0 180.0
127 125 128 0.0 180.0
128 129 130 0.0 180.0
128 129 131 0.0 180.0
128 134 133 0.0 180.0
128 134 135 0.0 180.0
129 128 134 0.0 180.0
129 131 132 0.0 180.0
129 131 133 0.0 180.0
130 129 131 0.0 180.0
131 133 134 0.0 180.0
131 133 139 0.0 180.0
132 131 133 0.0 180.0
133 134 135 0.0 180.0
133 139 140 0.0 180.0
133 139 141 0.0 180.0
134 133 139 0.0 180.0
134 135 136 0.0 180.0
134 135 137 0.0 180.0
135 137 138 0.0 180.0
135 137 141 0.0 180.0
136 135 137 0.0 180.0
137 141 139 0.0 180.0
137 141 142 0.0 180.0
138 137 141 0.0 180.0
139 141 142 0.0 180.0
140 139 141 0.0 180.0
143 145 146 0.0 180.0
143 145 147 0.0 180.0
144 143 145 0.0 180.0
145 147 148 0.0 180.0
145 147 149 0.0 180.0
145 147 164 0.0 180.0
146 145 147 0.0 180.0
147 149 150 0.0 180.0
147 149 151 0.0 180.0
147 149 152 0.0 180.0
147 164 165 0.0 180.0
147 164 166 0.0 180.0
148 147 149 0.0 180.0
148 147 164 0.0 180.0
149 147 164 0.0 180.0
149 152 153 0.0 180.0
149 152 160 0.0 180.0
150 149 151 0.0 180.0
150 149 152 0.0 180.0
151 149 152 0.0 180.0
152 153 154 0.0 180.0
152 153 155 0.0 180.0
152 160 161 0.0 180.0
152 160 162 0.0 180.0
153 152 160 0.0 180.0
153 155 156 0.0 180.0
153 155 157 0.0 180.0
154 153 155 0.0 180.0
155 157 158 0.0 180.0
155 157 162 0.0 180.0
156 155 157 0.0 180.0
157 158 159 0.0 180.0
157 162 160 0.0 180.0
157 162 163 0.0 180.0
158 157 162 0.0 180.0
160 162 163 0.0 180.0
161 160 162 0.0 180.0
165 164 166 0.0 180.0
