# i j k r0 (k=0 used to derive 1-2 exclusions only)
1 2 0.0 0.0
1 3 0.0 0.0
1 4 0.0 0.0
1 5 0.0 0.0
5 6 0.0 0.0
5 7 0.0 0.0
5 22 0.0 0.0
7 8 0.0 0.0
7 9 0.0 0.0
7 10 0.0 0.0
10 11 0.0 0.0
10 18 0.0 0.0
11 12 0.0 0.0
11 13 0.0 0.0
13 14 0.0 0.0
13 15 0.0 0.0
15 16 0.0 0.0
15 20 0.0 0.0
16 17 0.0 0.0
18 19 0.0 0.0
18 20 0.0 0.0
20 21 0.0 0.0
22 23 0.0 0.0
22 24 0.0 0.0
24 25 0.0 0.0
24 26 0.0 0.0
26 27 0.0 0.0
26 28 0.0 0.0
26 43 0.0 0.0
28 29 0.0 0.0
28 30 0.0 0.0
28 31 0.0 0.0
31 32 0.0 0.0
31 39 0.0 0.0
32 33 0.0 0.0
32 34 0.0 0.0
34 35 0.0 0.0
34 36 0.0 0.0
36 37 0.0 0.0
36 41 0.0 0.0
37 38 0.0 0.0
39 40 0.0 0.0
39 41 0.0 0.0
41 42 0.0 0.0
43 44 0.0 0.0
43 45 0.0 0.0
45 46 0.0 0.0
45 47 0.0 0.0
47 48 0.0 0.0
47 49 0.0 0.0
47 55 0.0 0.0
49 50 0.0 0.0
49 51 0.0 0.0
49 52 0.0 0.0
52 53 0.0 0.0
52 54 0.0 0.0
55 56 0.0 0.0
55 57 0.0 0.0
57 58 0.0 0.0
57 61 0.0 0.0
58 59 0.0 0.0
58 60 0.0 0.0
58 66 0.0 0.0
61 62 0.0 0.0
61 63 0.0 0.0
61 69 0.0 0.0
63 64 0.0 0.0
63 65 0.0 0.0
63 66 0.0 0.0
66 67 0.0 0.0
66 68 0.0 0.0
69 70 0.0 0.0
69 71 0.0 0.0
71 72 0.0 0.0
71 73 0.0 0.0
73 74 0.0 0.0
73 75 0.0 0.0
73 84 0.0 0.0
75 76 0.0 0.0
75 77 0.0 0.0
75 78 0.0 0.0
78 79 0.0 0.0
78 80 0.0 0.0
78 81 0.0 0.0
81 82 0.0 0.0
81 83 0.0 0.0
84 85 0.0 0.0
84 86 0.0 0.0
86 87 0.0 0.0
86 88 0.0 0.0
88 89 0.0 0.0
88 90 0.0 0.0
88 98 0.0 0.0
90 91 0.0 0.0
90 92 0.0 0.0
90 94 0.0 0.0
92 93 0.0 0.0
94 95 0.0 0.0
94 96 0.0 0.0
94 97 0.0 0.0
98 99 0.0 0.0
98 100 0.0 0.0
100 101 0.0 0.0
100 102 0.0 0.0
102 103 0.0 0.0
102 104 0.0 0.0
102 105 0.0 0.0
105 106 0.0 0.0
105 107 0.0 0.0
107 108 0.0 0.0
107 109 0.0 0.0
109 110 0.0 0.0
109 111 0.0 0.0
109 119 0.0 0.0
111 112 0.0 0.0
111 113 0.0 0.0
111 115 0.0 0.0
113 114 0.0 0.0
115 116 0.0 0.0
115 117 0.0 0.0
115 118 0.0 0.0
119 120 0.0 0.0
119 121 0.0 0.0
121 122 0.0 0.0
121 123 0.0 0.0
123 124 0.0 0.0
123 125 0.0 0.0
123 143 0.0 0.0
125 126 0.0 0.0
125 127 0.0 0.0
125 128 0.0 0.0
128 129 0.0 0.0
128 134 0.0 0.0
129 130 0.0 0.0
129 131 0.0 0.0
131 132 0.0 0.0
131 133 0.0 0.0
133 134 0.0 0.0
133 139 0.0 0.0
134 135 0.0 0.0
135 136 0.0 0.0
135 137 0.0 0.0
137 138 0.0 0.0
137 141 0.0 0.0
139 140 0.0 0.0
139 141 0.0 0.0
141 142 0.0 0.0
143 144 0.0 0.0
143 145 0.0 0.0
145 146 0.0 0.0
145 147 0.0 0.0
147 148 0.0 0.0
147 149 0.0 0.0
147 164 0.0 0.0
149 150 0.0 0.0
149 151 0.0 0.0
149 152 0.0 0.0
152 153 0.0 0.0
152 160 0.0 0.0
153 154 0.0 0.0
153 155 0.0 0.0
155 156 0.0 0.0
155 157 0.0 0.0
157 158 0.0 0.0
157 162 0.0 0.0
158 159 0.0 0.0
160 161 0.0 0.0
160 162 0.0 0.0
162 163 0.0 0.0
164 165 0.0 0.0
164 166 0.0 0.0
