# Per-atom LJ parameters: sigma epsilon (sequential in GROUP order)
0.329632526 0.836800000
0.040001352 0.192464000
0.040001352 0.192464000
0.040001352 0.192464000
0.405358917 0.083680000
0.235197262 0.092048000
0.387540942 0.230120000
0.235197262 0.092048000
0.235197262 0.092048000
0.355005321 0.292880000
0.355005321 0.292880000
0.242003728 0.125520000
0.355005321 0.292880000
0.242003728 0.125520000
0.355005321 0.292880000
0.315378146 0.636386400
0.040001352 0.192464000
0.355005321 0.292880000
0.242003728 0.125520000
0.355005321 0.292880000
0.242003728 0.125520000
0.356359487 0.460240000
0.302905564 0.502080000
0.329632526 0.836800000
0.040001352 0.192464000
0.405358917 0.083680000
0.235197262 0.092048000
0.387540942 0.230120000
0.235197262 0.092048000
0.235197262 0.092048000
0.355005321 0.292880000
0.355005321 0.292880000
0.242003728 0.125520000
0.355005321 0.292880000
0.242003728 0.125520000
0.355005321 0.292880000
0.315378146 0.636386400
0.040001352 0.192464000
0.355005321 0.292880000
0.242003728 0.125520000
0.355005321 0.292880000
0.242003728 0.125520000
0.356359487 0.460240000
0.302905564 0.502080000
0.329632526 0.836800000
0.040001352 0.192464000
0.405358917 0.083680000
0.235197262 0.092048000
0.387540942 0.230120000
0.235197262 0.092048000
0.235197262 0.092048000
0.356359487 0.292880000
0.302905564 0.502080000
0.302905564 0.502080000
0.356359487 0.460240000
0.302905564 0.502080000
0.329632526 0.836800000
0.387540942 0.230120000
0.235197262 0.092048000
0.235197262 0.092048000
0.405358917 0.083680000
0.235197262 0.092048000
0.387540942 0.230120000
0.235197262 0.092048000
0.235197262 0.092048000
0.387540942 0.230120000
0.235197262 0.092048000
0.235197262 0.092048000
0.356359487 0.460240000
0.302905564 0.502080000
0.329632526 0.836800000
0.040001352 0.192464000
0.405358917 0.083680000
0.235197262 0.092048000
0.387540942 0.230120000
0.235197262 0.092048000
0.235197262 0.092048000
0.387540942 0.230120000
0.235197262 0.092048000
0.235197262 0.092048000
0.356359487 0.292880000
0.302905564 0.502080000
0.302905564 0.502080000
0.356359487 0.460240000
0.302905564 0.502080000
0.329632526 0.836800000
0.040001352 0.192464000
0.405358917 0.083680000
0.235197262 0.092048000
0.405358917 0.083680000
0.235197262 0.092048000
0.315378146 0.636386400
0.040001352 0.192464000
0.367050272 0.334720000
0.235197262 0.092048000
0.235197262 0.092048000
0.235197262 0.092048000
0.356359487 0.460240000
0.302905564 0.502080000
0.329632526 0.836800000
0.040001352 0.192464000
0.387540942 0.230120000
0.235197262 0.092048000
0.235197262 0.092048000
0.356359487 0.460240000
0.302905564 0.502080000
0.329632526 0.836800000
0.040001352 0.192464000
0.405358917 0.083680000
0.235197262 0.092048000
0.405358917 0.083680000
0.235197262 0.092048000
0.315378146 0.636386400
0.040001352 0.192464000
0.367050272 0.334720000
0.235197262 0.092048000
0.235197262 0.092048000
0.235197262 0.092048000
0.356359487 0.460240000
0.302905564 0.502080000
0.329632526 0.836800000
0.040001352 0.192464000
0.405358917 0.083680000
0.235197262 0.092048000
0.387540942 0.230120000
0.235197262 0.092048000
0.235197262 0.092048000
0.355005321 0.292880000
0.355005321 0.292880000
0.242003728 0.125520000
0.329632526 0.836800000
0.040001352 0.192464000
0.320723539 0.376560000
0.320723539 0.376560000
0.355005321 0.292880000
0.242003728 0.125520000
0.355005321 0.292880000
0.242003728 0.125520000
0.355005321 0.292880000
0.242003728 0.125520000
0.355005321 0.292880000
0.242003728 0.125520000
0.356359487 0.460240000
0.302905564 0.502080000
0.329632526 0.836800000
0.040001352 0.192464000
0.405358917 0.083680000
0.235197262 0.092048000
0.387540942 0.230120000
0.235197262 0.092048000
0.235197262 0.092048000
0.355005321 0.292880000
0.355005321 0.292880000
0.242003728 0.125520000
0.355005321 0.292880000
0.242003728 0.125520000
0.355005321 0.292880000
0.315378146 0.636386400
0.040001352 0.192464000
0.355005321 0.292880000
0.242003728 0.125520000
0.355005321 0.292880000
0.242003728 0.125520000
0.356359487 0.292880000
0.302905564 0.502080000
0.302905564 0.502080000
