# One charge per atom in GROUP order
-0.076100
0.034100
0.007500
-0.046700
-0.053100
0.300600
-0.046700
-0.076100
-0.107700
0.007500
0.602500
-0.801600
-0.801600
-0.275400
0.032000
0.032000
0.002500
0.033400
0.002400
0.002400
-0.011700
-0.011700
0.002400
0.002400
0.032000
0.032000
0.149500
0.033400
0.014000
0.031900
-0.261700
0.031900
-0.061500
0.014000
-0.299900
0.046000
0.132000
-0.299900
0.031900
0.014000
-0.261700
-0.061500
0.014000
0.031900
-0.299900
0.046000
0.014000
0.031900
0.132000
-0.299900
-0.299900
0.046000
0.014000
-0.299900
0.031900
-0.061500
0.031900
-0.061500
0.031900
-0.299900
-0.299900
0.132000
-0.261700
0.014000
-0.261700
0.046000
0.014000
0.132000
-0.099900
-0.059800
0.810600
-0.858200
-0.099900
-0.059800
0.810600
-0.858200
-0.099900
-0.059800
0.810600
-0.858200
-0.099900
-0.059800
0.810600
-0.858200
-0.034900
-0.154700
-0.107000
-0.107000
0.110200
0.110200
-0.034900
-0.154700
-0.107000
-0.107000
0.110200
0.110200
-0.034900
-0.154700
-0.107000
-0.107000
0.110200
0.110200
-0.034900
-0.154700
-0.107000
-0.107000
0.110200
0.110200
-0.272600
-0.272600
-0.272600
-0.272600
-0.272600
-0.272600
-0.272600
0.063800
-0.181700
0.096400
-0.181700
-0.086500
0.063800
-0.272600
0.063800
-0.181700
-0.181700
0.096400
0.063800
-0.086500
0.063800
-0.181700
-0.181700
0.096400
0.063800
-0.086500
0.810700
-0.821800
0.810700
-0.821800
0.810700
-0.821800
-0.858200
-0.858200
-0.858200
0.810700
-0.821800
-0.821800
-0.821800
-0.821800
-0.821800
-0.858200
0.063800
-0.181700
0.096400
-0.181700
-0.086500
0.063800
-0.160500
-0.160500
-0.160500
-0.160500
0.189900
0.147200
0.122000
0.174300
0.189900
0.147200
0.122000
0.174300
0.122000
0.147200
0.147200
0.174300
0.189900
0.189900
0.122000
0.174300
0.043100
0.043100
0.003400
0.003400
0.043100
0.043100
0.003400
0.003400
0.043100
0.043100
0.003400
0.003400
0.043100
0.043100
0.003400
0.003400
0.144700
0.129000
0.129000
0.144700
0.129000
0.129000
0.144700
0.129000
0.129000
0.144700
0.129000
0.129000
0.167400
0.167400
0.167400
0.167400
0.167400
0.167400
0.167400
0.167400
0.067500
0.067500
0.067500
0.067500
0.067500
0.067500
0.067500
0.067500
0.067500
0.067500
0.067500
0.067500
